ag0000011960.fit 2022-08-25 23:08:20.077 PLATE_B 825.800  737.700  744.400  323.500  398.100  721.900  606.100  836.700  508.500  312.000  355.700  489.300  888.200  512.900  618.900  563.700 
ag0000011988.fit 2022-08-28 09:31:37.821 PLATE_A 802.400  641.500  547.200  304.100  753.600  411.300  418.000  819.600  541.000  580.000  278.200  629.600  334.500  404.200  653.500  825.800 
ag0000011993.fit 2022-08-28 23:11:55.927 PLATE_B 866.000  695.400  760.700  290.500  447.900  705.300  663.600  798.400  533.300  297.700  393.900  480.100  906.900  466.900  653.200  535.200 
ag0000011997.fit 2022-08-29 20:49:51.859 PLATE_B 663.800  798.400  906.900  466.500  393.900  480.000  448.000  705.200  760.800  290.200  533.300  297.600  866.000  695.200  652.900  534.800 
ag0000012008.fit 2022-08-30 22:02:37.593 PLATE_A 728.000  776.000  766.000  362.000  845.000  577.000  333.000  652.000  578.000  559.000  357.000  422.000  548.000  305.000  500.000  810.000 
ag0000012009.fit 2022-08-30 22:19:14.114 PLATE_B 667.700  797.400  911.000  465.800  397.900  479.000  452.000  704.200  764.800  289.300  537.400  296.600  870.100  694.200  656.900  534.000 
ag0000012031.fit 2022-09-03 20:20:28.738 PLATE_B 764.800  289.300  764.800  289.300  764.800  289.300  764.800  289.300  764.800  289.300  764.800  289.300  764.800  289.300  764.800  289.300 
ag0000012106.fit 2022-09-06 20:54:41.619 PLATE_B 768.500  289.000  768.500  289.000  768.500  289.000  768.500  289.000  768.500  289.000  768.500  289.000  768.500  289.000  768.500  289.000 
ag0000012196.fit 2022-09-08 02:25:15.452 PLATE_B 763.400  289.200  763.400  289.200  763.400  289.200  763.400  289.200  763.400  289.200  763.400  289.200  763.400  289.200  763.400  289.200 
ag0000012204.fit 2022-09-08 22:08:18.733 PLATE_B 769.700  288.700  769.700  288.700  769.700  288.700  769.700  288.700  769.700  288.700  769.700  288.700  769.700  288.700  769.700  288.700 
ag0000012244.fit 2022-09-09 20:27:14.361 PLATE_A 578.000  559.000  578.000  559.000  578.000  559.000  578.000  559.000  578.000  559.000  578.000  559.000  578.000  559.000  578.000  559.000 
ag0000012246.fit 2022-09-11 21:20:58.400 PLATE_B 672.600  796.900  915.900  465.200  402.900  478.400  452.000  704.200  769.700  288.700  542.300  296.000  875.100  693.700  661.700  533.500 
ag0000012530.fit 2022-09-13 20:40:31.627 PLATE_A 713.800  770.800  751.000  358.600  845.000  577.000  318.000  647.300  564.800  554.700  357.000  422.000  548.000  305.000  500.000  810.000 
ag0000012533.fit 2022-09-13 21:28:56.477 PLATE_A 725.000  767.400  762.200  355.400  845.000  577.000  329.400  643.900  576.200  551.200  357.000  422.000  548.000  305.000  500.000  810.000 
ag0000012553.fit 2022-09-14 20:08:26.363 PLATE_A 693.500  766.700  730.700  354.700  845.000  577.000  297.800  643.200  544.600  550.500  357.000  422.000  548.000  305.000  500.000  810.000 
ag0000012556.fit 2022-09-14 20:30:28.660 PLATE_A 700.500  773.100  737.600  361.200  845.000  577.000  304.800  649.600  551.700  556.700  328.900  420.100  548.000  305.000  471.600  808.900 
ag0000012579.fit 2022-09-14 23:07:38.403 PLATE_B 684.000  796.200  927.200  464.600  414.100  477.800  452.000  704.200  781.000  288.100  553.500  295.400  886.300  693.100  673.000  532.900 
ag0000012581.fit 2022-09-14 23:11:55.687 PLATE_B 695.200  796.900  938.400  465.300  425.300  478.500  452.000  704.200  792.200  288.800  564.700  296.100  897.500  693.800  684.200  533.700 
ag0000012587.fit 2022-09-16 00:16:53.882 PLATE_A 692.800  768.600  730.000  356.600  845.000  577.000  304.800  649.600  543.900  552.400  321.200  415.600  548.000  305.000  463.900  804.400 
ag0000012909.fit 2022-10-15 23:22:43.739 PLATE_B 714.300  809.100  957.300  477.600  444.600  490.800  452.000  704.200  811.100  301.100  584.000  308.600  916.700  706.000  703.400  546.100 
ag0000013163.fit 2022-10-20 21:38:41.492 PLATE_B 718.100  806.800  961.100  475.300  448.300  488.500  452.000  704.200  815.000  298.800  587.800  306.300  920.500  703.800  707.200  543.800 
ag0000013590.fit 2022-10-26 21:43:20.544 PLATE_B 716.900  800.800  959.900  469.300  447.200  482.600  452.000  704.200  813.700  292.900  586.700  300.400  919.200  697.800  706.000  537.900 
ag0000013701.fit 2022-10-28 22:16:00.752 PLATE_B 721.400  802.800  964.900  471.500  452.000  484.200  452.000  704.200  818.800  294.900  591.700  302.100  923.900  700.100  710.900  539.800 
ag0000013712.fit 2022-10-29 19:46:30.633 PLATE_A 686.200  771.700  723.400  359.600  845.000  577.000  304.800  649.600  537.300  555.500  314.600  418.600  548.000  305.000  457.300  807.500 
ag0000013715.fit 2022-10-29 19:50:19.667 PLATE_A 712.000  779.000  750.000  367.000  845.000  577.000  318.000  657.000  562.000  564.000  341.000  427.000  548.000  305.000  484.000  816.000 
ag0000013717.fit 2022-10-29 19:53:51.812 PLATE_A 712.000  779.000  750.000  367.000  845.000  577.000  318.000  657.000  562.000  654.000  341.000  427.000  548.000  305.000  484.000  816.000 
ag0000013722.fit 2022-10-29 19:59:43.565 PLATE_A 711.800  779.000  749.200  366.800  845.000  577.000  316.000  655.700  562.700  563.100  340.400  426.000  548.000  305.000  482.700  815.200 
ag0000013724.fit 2022-10-29 20:31:12.664 PLATE_B 727.600  799.900  971.100  468.700  458.300  481.300  452.000  704.200  825.100  292.200  597.900  299.300  930.100  697.200  717.100  537.000 
ag0000013730.fit 2022-10-29 22:15:38.106 PLATE_A 696.800  779.000  734.300  366.900  845.000  577.000  301.000  655.700  547.800  563.200  325.500  426.100  548.000  305.000  467.700  815.100 
ag0000013736.fit 2022-10-29 22:24:21.482 PLATE_A 708.300  772.800  745.600  360.800  845.000  577.000  312.600  649.600  559.300  557.000  337.000  420.000  548.000  305.000  479.400  809.000 
ag0000013773.fit 2022-10-30 20:26:47.605 PLATE_B 724.200  802.200  967.700  470.700  454.700  483.500  452.000  704.200  821.500  294.200  594.500  301.400  926.700  699.400  713.700  539.200 
ag0000013780.fit 2022-10-30 21:15:06.406 PLATE_A 700.300  774.600  738.100  362.100  845.000  577.000  304.600  651.200  551.400  558.600  329.100  421.500  548.000  305.000  471.300  810.700 
ag0000013788.fit 2022-10-30 23:36:02.534 PLATE_A 707.900  773.100  745.400  360.800  845.000  577.000  312.100  649.800  558.900  557.200  336.500  420.100  548.000  305.000  478.900  809.300 
ag0000013789.fit 2022-10-30 23:36:29.780 PLATE_A 714.500  773.600  746.600  387.000  845.000  577.000  316.500  658.300  561.200  560.400  335.200  428.400  548.000  305.000  486.600  814.100 
ag0000013792.fit 2022-10-31 00:00:08.465 PLATE_B 725.800  800.200  965.200  465.400  451.800  485.100  452.000  704.200  816.600  290.700  589.000  300.900  927.100  694.300  711.800  536.900 
ag0000013795.fit 2022-10-31 00:28:26.135 PLATE_A 730.000  766.000  733.000  353.000  845.000  577.000  326.000  764.000  562.000  563.000  332.000  445.000  548.000  305.000  505.000  819.000 
ag0000013796.fit 2022-10-31 00:29:15.027 PLATE_A 730.000  766.000  733.000  353.000  845.000  577.000  326.000  674.000  562.000  563.000  332.000  445.000  548.000  305.000  505.000  819.000 
ag0000013827.fit 2022-10-31 11:15:14.288 PLATE_A 728.600  766.500  734.100  352.800  845.000  577.000  324.600  674.300  563.300  562.900  331.400  443.400  548.000  305.000  503.100  820.300 
ag0000013828.fit 2022-10-31 20:06:25.310 PLATE_B 762.800  795.800  953.200  430.700  447.300  521.900  452.000  704.200  781.500  278.300  557.500  320.100  947.300  662.800  712.000  536.700 
ag0000013830.fit 2022-10-31 20:07:18.394 PLATE_B 757.200  799.100  957.000  439.600  449.800  516.600  452.000  704.200  760.800  226.000  565.600  318.500  945.200  671.700  713.500  539.500 
ag0000013832.fit 2022-10-31 20:40:36.788 PLATE_B 757.000  799.100  956.900  440.000  449.800  516.700  452.000  704.200  790.000  283.000  565.600  318.600  945.000  671.800  713.500  539.500 
ag0000013834.fit 2022-10-31 22:05:14.502 PLATE_A 721.000  762.000  726.500  348.300  845.000  577.000  317.000  669.800  555.900  558.400  323.800  438.800  548.000  305.000  495.500  815.800 
ag0000013865.fit 2022-11-02 23:15:12.238 PLATE_B 741.400  799.200  941.400  440.100  434.300  516.700  452.000  704.200  774.500  283.200  550.000  318.800  929.400  671.900  698.100  539.600 
ag0000013921.fit 2022-11-03 21:13:05.158 PLATE_A 715.200  768.800  720.500  355.100  845.000  577.000  311.000  676.600  549.800  565.200  317.800  445.700  548.000  305.000  489.600  822.600 
ag0000013922.fit 2022-11-03 21:35:42.158 PLATE_A 723.500  761.100  729.000  347.400  845.000  577.000  319.400  668.900  558.200  557.500  326.200  438.000  548.000  305.000  498.000  814.900 
ag0000013943.fit 2022-11-04 20:26:58.175 PLATE_A 715.500  768.200  721.000  354.500  845.000  577.000  311.400  676.000  550.200  564.600  318.200  445.100  548.000  305.000  490.000  822.000 
ag0000013974.fit 2022-11-06 00:46:34.995 PLATE_A 728.800  772.200  734.300  358.400  845.000  577.000  324.700  679.800  563.500  568.400  331.400  448.900  548.000  305.000  503.300  825.900 
ag0000013975.fit 2022-11-06 21:17:34.071 PLATE_A 723.800  765.900  729.300  352.100  845.000  577.000  319.700  673.500  558.700  561.400  326.400  442.600  548.000  305.000  498.300  819.700 
ag0000014110.fit 2022-11-09 19:50:02.263 PLATE_B 742.100  797.800  940.600  439.300  433.500  516.100  452.000  704.200  771.800  284.800  549.200  318.000  928.800  671.300  697.200  538.900 
ag0000014114.fit 2022-11-09 19:59:07.400 PLATE_B 742.100  799.100  941.900  440.100  434.900  516.800  452.000  704.200  775.100  283.200  550.700  318.700  929.900  671.900  698.700  539.600 
ag0000014129.fit 2022-11-10 22:10:38.236 PLATE_B 741.100  798.400  941.000  439.200  433.800  515.900  452.000  704.200  773.900  282.200  549.500  317.800  929.000  671.000  697.600  538.800 
ag0000014328.fit 2022-11-15 21:05:35.792 PLATE_B 742.800  798.500  942.600  439.400  435.600  516.100  452.000  704.200  775.800  282.400  551.300  318.000  930.600  671.200  699.400  538.900 
ag0000014388.fit 2022-11-16 00:58:58.473 PLATE_B 736.600  799.000  936.500  439.800  429.400  516.600  452.000  704.200  769.700  282.900  545.100  318.500  924.500  671.600  693.200  539.400 
ag0000014390.fit 2022-11-16 02:19:53.764 PLATE_A 723.800  765.900  729.300  352.100  845.000  577.000  319.700  673.500  558.700  561.400  330.000  442.200  548.000  305.000  498.300  819.700 
ag0000014424.fit 2022-11-16 06:34:14.541 PLATE_A 716.100  763.600  721.800  350.000  845.000  577.000  312.300  671.300  551.000  560.000  319.000  440.500  548.000  305.000  490.800  817.400 
ag0000014431.fit 2022-11-16 19:48:53.831 PLATE_B 742.200  799.300  942.100  440.200  435.000  516.900  452.000  704.200  775.200  283.200  550.800  318.900  930.100  672.000  698.800  539.800 
ag0000014461.fit 2022-11-17 01:35:12.092 PLATE_A 716.100  763.600  721.800  350.000  845.000  577.000  312.300  671.300  536.400  491.000  319.000  440.500  548.000  305.000  490.800  817.400 
ag0000014462.fit 2022-11-17 01:59:23.606 PLATE_A 729.400  765.700  734.900  351.800  845.000  577.000  325.300  673.300  564.000  562.000  332.100  442.500  548.000  305.000  503.800  819.500 
ag0000014481.fit 2022-11-17 04:29:41.359 PLATE_A 726.000  764.300  731.500  350.400  845.000  577.000  321.800  672.000  560.700  560.700  328.700  441.300  548.000  305.000  500.500  818.100 
ag0000014504.fit 2022-11-17 05:55:52.689 PLATE_A 716.800  766.500  722.400  352.400  845.000  577.000  312.800  674.100  551.600  562.800  319.600  443.300  548.000  305.000  491.200  820.200 
ag0000014524.fit 2022-11-18 02:13:29.526 PLATE_A 724.800  766.400  730.300  352.400  845.000  577.000  320.500  674.100  559.300  562.800  319.600  443.300  548.000  305.000  499.100  820.300 
ag0000014562.fit 2022-11-18 05:15:10.653 PLATE_A 724.300  761.800  729.800  348.000  845.000  577.000  320.100  669.400  559.000  558.100  319.600  443.300  548.000  305.000  498.600  815.600 
ag0000014643.fit 2022-11-19 00:08:58.582 PLATE_B 736.600  799.000  936.500  439.800  429.300  516.600  452.000  704.200  769.600  282.800  545.100  318.500  924.600  671.600  693.200  539.400 
ag0000014706.fit 2022-11-19 03:30:24.086 PLATE_A 728.000  768.200  735.300  346.200  845.000  577.000  323.800  675.800  562.700  564.600  319.600  443.300  548.000  305.000  502.500  822.100 
ag0000014710.fit 2022-11-19 03:38:17.569 PLATE_A 718.800  763.000  724.300  349.000  845.000  577.000  314.700  670.600  553.500  559.300  319.600  443.300  548.000  305.000  493.300  816.800 
ag0000014719.fit 2022-11-19 04:33:16.563 PLATE_A 722.100  761.700  727.600  347.900  845.000  577.000  318.000  669.400  556.800  558.000  319.600  443.300  548.000  305.000  496.600  815.500 
ag0000014731.fit 2022-11-19 05:36:55.560 PLATE_A 725.300  761.500  730.800  347.600  845.000  577.000  321.300  669.200  560.000  557.900  319.600  443.300  548.000  305.000  499.700  815.400 
ag0000014919.fit 2022-11-20 06:09:33.529 PLATE_A 728.400  771.400  734.100  357.400  845.000  577.000  324.100  679.000  563.000  567.700  319.600  443.300  548.000  305.000  502.800  825.300 
ag0000014923.fit 2022-11-21 21:26:11.299 PLATE_B 739.900  799.300  939.800  440.100  432.600  516.900  452.000  704.200  772.900  283.100  548.400  318.800  927.800  672.000  696.500  539.700 
ag0000014990.fit 2022-11-24 00:47:48.342 PLATE_A 718.100  775.800  723.500  362.000  845.000  577.000  314.100  683.500  552.800  572.100  319.600  443.300  548.000  305.000  492.600  829.500 
ag0000015142.fit 2022-11-25 01:17:07.053 PLATE_A 725.900  766.900  731.300  353.100  845.000  577.000  321.800  674.600  560.600  563.300  319.600  443.300  548.000  305.000  500.300  820.700 
ag0000015144.fit 2022-11-25 01:21:38.243 PLATE_A 715.800  773.600  721.300  359.600  845.000  577.000  311.400  681.100  550.400  569.900  319.600  443.300  548.000  305.000  490.100  827.400 
ag0000015175.fit 2022-11-25 05:56:44.234 PLATE_A 726.600  770.900  732.100  356.900  845.000  577.000  322.400  678.400  561.200  567.200  319.600  443.300  548.000  305.000  501.000  824.700 
ag0000015177.fit 2022-11-25 19:40:18.988 PLATE_B 737.500  799.000  937.500  439.900  430.300  516.600  452.000  704.200  770.500  282.900  546.000  318.500  925.400  671.600  694.000  539.400 
ag0000015180.fit 2022-11-25 19:46:35.922 PLATE_B 737.500  799.000  937.500  439.900  541.500  492.200  452.000  704.200  770.500  282.900  546.000  318.500  925.400  671.600  694.000  539.400 
ag0000015182.fit 2022-11-25 19:47:36.975 PLATE_B 701.500  791.300  898.900  431.200  392.600  511.800  452.000  704.200  730.900  275.600  506.500  312.900  888.300  662.400  760.600  482.400 
ag0000015183.fit 2022-11-25 19:48:00.777 PLATE_B 701.500  791.400  898.900  431.100  392.500  511.800  452.000  704.200  760.700  216.200  506.400  312.900  888.200  662.500  656.100  532.000 
ag0000015184.fit 2022-11-25 19:51:57.739 PLATE_B 701.500  791.400  898.900  431.100  392.500  511.800  452.000  704.200  730.900  275.600  506.400  312.900  888.200  662.600  656.100  532.000 
ag0000015194.fit 2022-11-25 23:05:57.506 PLATE_A 726.600  770.900  732.100  356.900  845.000  577.000  322.400  678.400  545.000  585.500  319.600  443.300  548.000  305.000  501.000  824.700 
ag0000015195.fit 2022-11-25 23:06:19.915 PLATE_A 726.600  770.900  732.100  356.900  845.000  577.000  322.400  678.400  537.900  514.700  319.600  443.300  548.000  305.000  501.000  824.700 
ag0000015196.fit 2022-11-25 23:06:46.410 PLATE_A 726.600  770.900  732.100  356.900  845.000  577.000  322.400  678.400  536.200  495.800  319.600  443.300  548.000  305.000  501.000  824.700 
ag0000015201.fit 2022-11-25 23:15:30.767 PLATE_A 775.000  763.000  732.100  356.900  845.000  577.000  322.400  678.400  508.400  558.000  319.600  443.300  548.000  305.000  501.000  824.700 
ag0000015202.fit 2022-11-25 23:15:57.960 PLATE_A 775.000  763.000  732.100  356.900  845.000  577.000  322.400  678.400  536.200  495.600  319.600  443.300  548.000  305.000  501.000  824.700 
ag0000015203.fit 2022-11-25 23:17:01.368 PLATE_A 775.000  763.000  732.100  356.900  845.000  577.000  322.400  678.400  536.200  495.600  319.600  443.300  548.000  305.000  450.000  814.000 
ag0000015205.fit 2022-11-25 23:19:58.930 PLATE_A 676.000  761.000  681.000  347.000  845.000  577.000  272.000  671.000  509.000  555.000  319.600  443.300  548.000  305.000  450.000  814.000 
ag0000015207.fit 2022-11-25 23:21:27.209 PLATE_A 676.000  761.000  681.000  347.000  845.000  577.000  272.000  671.000  536.200  495.400  319.600  443.300  548.000  305.000  450.000  814.000 
ag0000015208.fit 2022-11-25 23:22:35.508 PLATE_A 676.000  761.000  679.000  353.000  845.000  577.000  272.000  671.000  536.200  495.400  319.600  443.300  548.000  305.000  450.000  814.000 
ag0000015210.fit 2022-11-25 23:35:43.359 PLATE_A 673.700  763.400  678.600  351.000  845.000  577.000  270.900  670.700  509.400  559.500  319.600  443.300  548.000  305.000  449.100  815.700 
ag0000015237.fit 2022-11-26 02:38:48.344 PLATE_A 674.600  762.100  679.500  349.700  845.000  577.000  271.800  669.500  510.300  558.300  319.600  443.300  548.000  305.000  450.000  814.600 
ag0000015246.fit 2022-11-26 03:23:35.342 PLATE_A 674.600  762.100  679.500  349.700  845.000  577.000  271.800  669.500  536.400  494.900  319.600  443.300  548.000  305.000  450.000  814.600 
ag0000015247.fit 2022-11-26 03:24:08.498 PLATE_A 682.200  755.200  687.100  342.700  845.000  577.000  279.300  662.700  517.900  551.300  319.600  443.300  548.000  305.000  457.500  807.800 
ag0000015269.fit 2022-11-26 05:40:34.990 PLATE_A 682.200  755.300  687.100  342.800  845.000  577.000  279.400  662.700  536.300  494.200  319.600  443.300  548.000  305.000  457.600  807.800 
ag0000015270.fit 2022-11-26 05:41:23.313 PLATE_A 683.900  755.300  688.800  343.000  845.000  577.000  281.200  662.600  519.900  551.300  319.600  443.300  548.000  305.000  459.300  807.700 
ag0000015311.fit 2022-11-26 23:26:05.533 PLATE_A 676.400  766.800  681.200  354.400  845.000  577.000  273.500  674.200  511.900  562.900  319.600  443.300  548.000  305.000  451.700  819.200 
ag0000015317.fit 2022-11-27 00:33:14.683 PLATE_A 680.700  764.100  685.600  351.700  845.000  577.000  277.800  671.400  516.400  560.200  319.600  443.300  548.000  305.000  456.000  816.400 
ag0000015372.fit 2022-11-28 23:25:06.663 PLATE_A 670.100  758.300  671.700  344.300  845.000  577.000  265.000  669.500  502.800  555.800  319.600  443.300  548.000  305.000  445.000  813.900 
ag0000015375.fit 2022-11-29 02:53:16.806 PLATE_A 680.500  752.200  682.100  338.200  845.000  577.000  275.500  663.400  513.300  549.800  319.600  443.300  548.000  305.000  455.400  807.800 
ag0000015411.fit 2022-11-29 21:25:19.261 PLATE_B 681.800  790.700  900.600  442.300  389.600  492.200  452.000  704.200  742.100  276.600  515.700  300.300  876.300  673.200  652.100  528.600 
ag0000015413.fit 2022-11-29 21:31:49.943 PLATE_B 685.500  789.600  904.300  441.300  393.300  491.100  452.000  704.200  745.900  275.600  515.700  300.300  880.000  672.200  655.800  527.700 
ag0000015473.fit 2022-11-30 03:29:47.865 PLATE_A 681.000  753.400  682.700  339.300  845.000  577.000  276.100  664.500  513.800  550.900  280.500  433.600  548.000  305.000  455.900  808.900 
ag0000015622.fit 2022-12-02 00:43:31.199 PLATE_B 681.700  792.200  900.500  443.900  389.500  493.700  452.000  704.200  742.000  278.100  515.700  301.900  876.200  674.800  651.900  530.300 
ag0000015725.fit 2022-12-03 02:25:57.237 PLATE_A 682.200  756.400  683.800  342.500  845.000  577.000  277.300  667.600  515.100  553.900  281.600  436.700  548.000  305.000  457.100  811.900 
ag0000015761.fit 2022-12-03 05:32:53.346 PLATE_A 685.500  762.300  687.100  348.200  845.000  577.000  280.500  673.400  518.300  559.800  284.900  442.500  548.000  305.000  460.400  817.800 
ag0000015936.fit 2022-12-23 03:27:10.467 PLATE_A 682.200  762.100  683.700  348.100  845.000  577.000  277.100  673.200  515.000  559.600  281.500  442.300  548.000  305.000  457.100  817.600 
ag0000015942.fit 2022-12-23 03:37:50.989 PLATE_A 683.500  761.700  684.700  349.300  845.000  577.000  278.000  674.500  515.900  560.800  282.400  443.500  548.000  305.000  458.000  818.900 
ag0000015943.fit 2022-12-23 03:40:02.146 PLATE_A 683.500  761.700  684.900  348.900  760.600  491.900  278.000  674.300  515.800  560.900  282.500  443.400  548.000  305.000  457.700  819.200 
ag0000015979.fit 2022-12-30 03:59:26.072 PLATE_A 680.600  756.900  682.200  342.800  760.600  491.900  275.500  668.000  513.400  554.400  279.900  437.100  548.000  305.000  455.400  812.500 
ag0000016036.fit 2023-01-03 23:08:50.977 PLATE_B 680.900  791.100  899.800  442.800  388.900  492.600  452.000  704.200  741.400  277.100  515.000  300.800  875.500  673.700  651.300  529.200 
ag0000016051.fit 2023-01-04 01:55:53.778 PLATE_A 674.800  760.900  676.300  346.900  760.600  491.900  269.700  672.100  507.600  558.500  274.100  441.200  548.000  305.000  449.600  816.500 
ag0000016053.fit 2023-01-04 01:58:01.555 PLATE_A 682.000  760.600  683.600  346.600  760.600  491.900  276.900  671.800  514.800  558.100  281.200  440.800  548.000  305.000  456.800  816.100 
ag0000016057.fit 2023-01-04 02:42:14.576 PLATE_B 677.800  790.900  896.800  442.600  388.900  492.600  452.000  704.200  738.300  276.900  511.900  300.600  872.400  673.500  651.300  529.200 
ag0000016086.fit 2023-01-04 05:36:41.562 PLATE_B 677.800  790.900  896.800  442.600  388.900  492.600  452.000  704.200  738.300  276.900  511.900  300.600  872.400  673.500  538.500  493.500 
ag0000016105.fit 2023-01-05 00:27:14.930 PLATE_A 678.900  756.000  680.500  341.900  760.600  491.900  273.900  667.100  511.800  553.500  278.200  436.200  548.000  305.000  453.800  811.500 
ag0000016107.fit 2023-01-05 00:28:25.740 PLATE_A 680.300  755.900  681.900  341.700  760.600  491.900  275.000  667.000  513.000  553.400  279.400  435.900  548.000  305.000  455.000  811.500 
ag0000016184.fit 2023-01-05 03:27:11.834 PLATE_B 681.800  790.500  900.700  442.200  388.900  492.600  452.000  704.200  742.200  276.500  515.800  300.300  876.400  673.200  538.500  493.500 
ag0000016189.fit 2023-01-05 03:28:49.375 PLATE_B 677.800  791.400  896.800  443.100  388.900  492.600  452.000  704.200  738.300  277.400  511.900  301.100  872.400  674.000  538.500  493.500 
ag0000016303.fit 2023-01-06 00:22:14.601 PLATE_A 678.900  755.300  680.500  341.300  760.600  491.900  273.900  666.400  511.700  552.800  278.200  435.500  548.000  305.000  453.800  810.800 
ag0000016331.fit 2023-01-06 01:38:32.499 PLATE_B 679.300  790.600  898.200  442.300  388.900  492.600  452.000  704.200  739.700  276.600  513.300  300.300  873.800  673.200  538.500  493.500 
ag0000016586.fit 2023-01-07 20:36:56.987 PLATE_A 682.400  760.800  684.000  346.900  760.600  491.900  277.300  671.800  515.200  558.200  278.200  435.500  548.000  305.000  457.300  816.300 
ag0000016670.fit 2023-01-07 23:55:11.635 PLATE_B 681.400  789.700  900.400  441.400  388.900  492.600  452.000  704.200  741.900  275.600  516.000  299.400  876.200  672.400  538.500  493.500 
ag0000016789.fit 2023-01-09 20:47:14.681 PLATE_A 682.100  762.200  683.600  348.400  760.600  491.900  277.000  673.300  514.900  559.600  278.200  435.500  548.000  305.000  457.000  817.700 
ag0000016799.fit 2023-01-09 20:58:26.414 PLATE_A 678.800  754.300  680.300  340.300  760.600  491.900  273.600  665.400  511.500  551.700  278.200  435.500  548.000  305.000  453.600  809.800 
ag0000017087.fit 2023-01-15 20:25:10.683 PLATE_B 680.500  790.200  899.400  441.900  388.300  491.700  452.000  704.200  740.800  276.100  516.000  299.400  874.900  672.700  650.900  528.200 
ag0000017181.fit 2023-01-16 23:15:38.953 PLATE_A 678.800  754.300  680.300  340.300  760.600  491.900  273.600  665.400  515.000  558.700  278.200  435.500  548.000  305.000  453.600  809.800 
ag0000017186.fit 2023-01-16 23:24:48.952 PLATE_A 683.800  758.300  684.300  343.300  780.600  553.900  277.600  670.400  517.400  557.200  281.200  437.500  467.000  308.000  457.600  816.800 
ag0000017189.fit 2023-01-16 23:27:17.794 PLATE_A 682.000  759.200  683.700  345.400  780.600  553.900  277.000  670.800  514.500  557.400  281.400  440.300  467.000  308.000  456.400  815.200 
ag0000017285.fit 2023-01-17 23:52:37.968 PLATE_A 679.700  756.100  681.200  342.400  780.600  553.900  274.800  667.600  512.600  553.700  279.100  436.500  456.600  293.900  454.600  811.700 
ag0000017852.fit 2023-01-24 20:51:25.019 PLATE_A 680.400  757.700  682.000  343.600  780.600  553.900  275.200  668.800  513.100  555.100  279.100  436.500  456.600  293.900  455.200  813.200 
ag0000018011.fit 2023-01-25 21:13:54.527 PLATE_B 679.400  789.900  898.300  441.500  387.200  491.300  452.000  704.200  739.800  275.800  516.000  299.400  873.900  672.500  649.700  528.000 
ag0000018487.fit 2023-02-02 01:16:33.300 PLATE_A 684.200  762.900  685.800  349.100  780.600  553.900  279.400  674.100  517.200  560.400  283.700  443.200  456.600  293.900  459.200  818.300 
ag0000018579.fit 2023-02-03 00:35:40.279 PLATE_B 680.300  789.800  899.200  441.500  387.200  491.300  452.000  704.200  740.700  275.700  514.200  299.500  874.800  672.400  650.600  527.900 
ag0000018653.fit 2023-02-03 20:07:45.849 PLATE_B 681.600  790.200  900.400  441.900  387.200  491.300  452.000  704.200  741.900  276.200  515.500  300.000  876.100  672.900  651.900  528.300 
ag0000018870.fit 2023-02-09 20:26:09.016 PLATE_A 682.200  760.000  683.800  345.900  780.600  553.900  277.000  671.100  515.000  557.400  281.500  440.100  456.600  293.900  457.000  815.400 
ag0000018873.fit 2023-02-10 14:01:41.446 PLATE_A 682.200  761.100  683.800  347.100  780.600  553.900  277.100  672.200  515.000  558.500  281.500  441.300  456.600  293.900  457.100  816.600 
ag0000018875.fit 2023-02-10 14:05:12.847 PLATE_A 682.200  761.100  683.800  347.100  780.600  553.900  277.100  672.200  536.300  491.900  281.500  441.300  456.600  293.900  457.100  816.600 
ag0000018877.fit 2023-02-10 14:07:43.720 PLATE_A 682.200  761.100  683.800  347.100  780.600  553.900  277.100  672.200  513.300  559.900  281.500  441.300  456.600  293.900  457.100  816.600 
ag0000018880.fit 2023-02-10 14:12:22.184 PLATE_A 682.200  761.100  683.800  347.100  780.600  553.900  277.100  672.200  515.300  557.900  281.500  441.300  460.600  300.900  457.100  816.600 
ag0000019134.fit 2023-02-17 17:03:59.356 PLATE_A 682.500  761.300  684.200  347.000  772.700  535.500  277.300  672.300  515.400  558.700  281.800  441.400  459.700  299.400  457.300  816.900 
ag0000019246.fit 2023-02-22 00:30:22.539 PLATE_B 682.400  761.700  684.000  347.600  780.200  553.400  277.300  672.700  515.300  559.100  281.700  441.800  459.700  299.400  457.300  817.100 
ag0000020297.fit 2023-03-01 22:25:03.462 PLATE_A 682.400  761.700  684.000  347.600  780.200  553.400  277.300  672.700  515.300  559.100  281.700  441.800  459.700  299.400  457.300  817.100 
ag0000020300.fit 2023-03-01 23:15:21.251 PLATE_A 678.200  753.200  679.800  339.200  780.200  553.400  273.300  664.300  511.100  550.700  277.600  433.400  459.700  299.400  453.200  808.600 
ag0000020390.fit 2023-03-02 20:17:18.447 PLATE_B 678.200  753.200  679.800  339.200  780.200  553.400  273.300  664.300  511.100  550.700  277.600  433.400  459.700  299.400  453.200  808.600 
ag0000020392.fit 2023-03-02 20:31:32.025 PLATE_B 681.600  790.200  900.400  441.900  387.200  491.300  452.000  704.200  741.900  276.200  515.500  300.000  876.100  672.900  651.900  528.300 
ag0000020420.fit 2023-03-02 22:02:26.620 PLATE_B 681.900  790.300  900.900  442.200  389.900  491.800  452.000  704.200  742.400  276.300  516.000  300.100  876.500  673.000  652.100  528.400 
ag0000020487.fit 2023-03-03 00:15:45.682 PLATE_B 678.400  790.100  897.300  441.900  386.300  491.600  452.000  704.200  738.800  276.000  512.400  299.800  872.900  672.700  648.500  528.100 
ag0000020600.fit 2023-03-03 03:46:10.183 PLATE_B 679.900  789.600  898.800  441.300  387.800  491.100  452.000  704.200  740.300  275.500  513.800  299.300  874.400  672.200  650.000  527.600 
ag0000020742.fit 2023-03-04 02:56:15.450 PLATE_A 680.000  759.700  681.600  345.600  780.200  553.400  274.900  670.800  512.700  557.100  279.200  440.000  459.700  299.400  455.000  815.200 
ag0000020787.fit 2023-03-04 04:16:40.443 PLATE_A 689.700  755.100  691.300  340.800  760.600  468.600  284.400  666.200  522.300  552.600  288.900  435.100  459.700  299.400  464.300  810.700 
ag0000020835.fit 2023-03-04 05:28:20.698 PLATE_A 691.500  757.900  693.100  343.600  760.600  476.900  286.300  668.900  524.200  555.300  290.700  437.900  459.700  299.400  466.200  813.600 
ag0000021021.fit 2023-03-05 22:30:54.001 PLATE_B 690.500  778.900  909.300  430.500  398.300  480.200  452.000  704.200  750.600  264.700  524.500  288.400  885.400  661.400  660.600  516.300 
ag0000021023.fit 2023-03-05 22:31:45.432 PLATE_B 688.200  790.100  907.200  441.700  396.100  491.600  452.000  704.200  748.600  276.000  522.200  299.700  882.700  672.700  658.300  528.100 
ag0000021127.fit 2023-03-06 04:13:10.008 PLATE_A 690.400  758.800  692.000  344.700  760.600  476.900  285.300  669.900  523.200  556.300  289.700  439.000  459.700  299.400  465.300  814.200 
ag0000021295.fit 2023-03-07 04:50:38.158 PLATE_A 690.000  754.500  691.500  340.400  760.600  476.900  284.900  665.600  522.800  551.900  289.300  434.600  459.700  299.400  464.900  809.900 
ag0000021305.fit 2023-03-07 05:46:37.409 PLATE_A 692.600  759.000  694.200  345.000  760.600  476.900  287.500  670.200  525.500  556.500  291.900  439.200  459.700  299.400  467.500  814.600 
ag0000021312.fit 2023-03-07 06:12:57.917 PLATE_B 689.900  789.800  908.800  441.500  397.700  491.400  452.000  704.200  750.300  275.800  522.200  299.700  884.400  672.400  660.100  527.900 
ag0000021464.fit 2023-03-11 02:25:33.656 PLATE_A 687.100  752.400  688.600  338.200  760.600  476.900  281.900  663.500  519.800  549.800  286.300  432.500  459.700  299.400  461.900  807.900 
ag0000021501.fit 2023-03-12 03:06:47.578 PLATE_A 693.000  759.000  694.600  344.800  760.600  476.900  287.900  670.000  525.800  556.400  292.300  439.100  459.700  299.400  467.800  814.500 
ag0000021560.fit 2023-03-13 04:57:52.785 PLATE_B 690.000  789.600  909.000  441.300  397.900  491.200  452.000  704.200  750.400  275.600  524.000  299.400  884.600  672.200  660.200  527.600 
ag0000021578.fit 2023-03-13 05:36:18.992 PLATE_B 686.900  789.600  905.900  441.200  394.700  491.100  452.000  704.200  747.300  275.500  520.800  299.200  881.500  672.100  657.100  527.500 
ag0000021804.fit 2023-03-15 05:04:28.550 PLATE_A 682.500  753.700  684.100  339.900  760.600  476.900  277.500  664.800  515.400  551.200  281.700  433.800  459.700  299.400  457.500  809.200 
ag0000021831.fit 2023-03-15 05:50:52.697 PLATE_A 693.200  760.700  694.600  346.700  760.600  476.900  288.000  671.800  526.000  558.200  292.200  440.700  459.700  299.400  468.000  816.200 
ag0000021846.fit 2023-03-15 06:14:24.846 PLATE_A 692.200  757.000  693.600  343.000  760.600  476.900  287.100  668.100  525.000  554.400  291.200  437.000  459.700  299.400  467.100  812.500 
ag0000022656.fit 2023-03-22 02:00:09.416 PLATE_A 689.600  755.800  691.100  341.900  760.600  476.900  284.600  666.900  522.500  553.300  288.900  436.000  459.700  299.400  464.600  811.300 
ag0000022658.fit 2023-03-22 02:07:27.519 PLATE_A 680.800  753.500  682.300  339.500  760.600  476.900  275.800  664.600  513.700  551.000  280.200  433.700  459.700  299.400  455.800  808.900 
ag0000022672.fit 2023-03-23 01:42:33.662 PLATE_B 687.300  791.400  906.200  443.100  395.100  493.000  452.000  704.200  747.700  277.300  521.300  301.100  881.800  674.000  657.500  529.400 
ag0000022684.fit 2023-03-23 02:07:13.611 PLATE_A 689.900  755.600  691.400  341.700  760.600  476.900  284.900  666.600  522.800  553.000  289.300  435.800  459.700  299.400  464.900  811.000 
ag0000022691.fit 2023-03-23 02:36:56.810 PLATE_B 691.800  789.400  910.700  441.100  399.600  491.000  452.000  704.200  752.200  275.300  525.700  299.200  886.300  672.000  662.000  527.500 
ag0000022707.fit 2023-03-26 00:31:12.085 PLATE_A 689.200  758.200  690.700  344.200  760.600  476.900  284.000  669.200  522.000  555.600  288.400  438.300  459.700  299.400  464.100  813.700 
ag0000022785.fit 2023-03-26 21:24:35.943 PLATE_B 689.500  788.500  908.400  440.100  397.100  490.100  452.000  704.200  749.600  274.400  523.300  298.000  883.700  671.000  659.300  526.500 
ag0000022800.fit 2023-03-26 22:06:46.487 PLATE_A 689.900  761.600  691.500  347.600  760.600  476.900  284.800  672.700  522.800  559.000  289.100  441.600  459.700  299.400  464.800  817.100 
ag0000022838.fit 2023-03-27 20:45:40.515 PLATE_B 689.400  789.600  908.300  441.200  397.100  491.100  452.000  704.200  749.700  275.400  523.300  299.400  883.900  672.100  659.700  527.600 
ag0000022864.fit 2023-03-27 22:38:01.849 PLATE_B 684.000  790.300  902.900  441.900  391.800  491.800  452.000  704.200  744.300  276.200  517.900  300.000  878.500  672.700  654.300  528.200 
ag0000022873.fit 2023-03-27 23:00:50.950 PLATE_A 687.500  757.500  689.000  343.400  760.600  476.900  282.300  668.700  520.300  555.000  286.700  437.600  459.700  299.400  462.300  813.100 
ag0000022893.fit 2023-03-28 00:11:10.153 PLATE_A 688.800  757.500  690.300  343.500  760.600  476.900  283.700  668.500  521.600  554.900  288.000  437.600  459.700  299.400  463.700  813.000 
ag0000022964.fit 2023-03-28 04:06:43.117 PLATE_A 677.200  757.600  678.800  343.400  760.600  476.900  271.900  668.600  509.800  555.000  276.300  437.600  459.700  299.400  451.900  813.100 
ag0000022969.fit 2023-03-28 05:14:05.518 PLATE_A 687.900  755.200  689.500  341.200  760.600  476.900  282.900  666.300  520.800  552.600  287.200  435.400  459.700  299.400  462.800  810.700 
ag0000023070.fit 2023-03-29 21:50:18.870 PLATE_B 690.300  789.100  909.300  440.600  398.100  490.600  452.000  704.200  750.700  274.900  524.200  298.800  884.900  671.600  660.500  527.100 
ag0000023096.fit 2023-03-30 00:31:17.699 PLATE_A 690.000  760.700  691.500  346.600  760.600  476.900  284.800  671.700  522.700  558.100  289.200  440.800  459.700  299.400  464.800  816.200 
ag0000023113.fit 2023-03-30 01:28:59.310 PLATE_A 690.900  763.100  692.500  349.100  760.600  476.900  285.800  674.200  523.700  560.600  290.100  443.300  459.700  299.400  465.700  818.600 
ag0000023191.fit 2023-04-01 21:32:21.452 PLATE_A 687.300  753.600  688.800  339.700  760.600  476.900  282.300  664.700  520.200  551.100  286.600  433.900  459.700  299.400  462.200  809.000 
ag0000023323.fit 2023-04-03 00:04:21.523 PLATE_A 691.000  762.800  688.800  339.700  760.600  476.900  286.000  673.800  520.200  551.100  290.300  442.900  459.700  299.400  462.200  809.000 
ag0000023485.fit 2023-04-05 20:52:57.391 PLATE_B 690.300  789.100  909.300  440.600  395.400  490.900  452.000  704.200  748.100  275.300  521.700  299.100  882.300  671.900  658.000  527.400 
ag0000023490.fit 2023-04-05 20:58:46.055 PLATE_B 687.700  789.400  909.300  440.600  395.600  491.000  452.000  704.200  748.100  275.200  521.700  299.100  882.400  671.900  658.100  527.300 
ag0000023505.fit 2023-04-05 21:30:21.503 PLATE_B 687.900  789.600  909.300  440.600  395.500  491.000  452.000  704.200  741.200  275.300  514.700  299.100  875.400  671.900  651.100  527.400 
ag0000023510.fit 2023-04-05 21:41:27.699 PLATE_B 681.000  789.400  909.300  440.600  388.600  491.300  452.000  704.200  741.100  275.300  514.700  299.100  875.400  671.900  650.900  527.400 
ag0000023564.fit 2023-04-06 03:02:33.810 PLATE_A 691.100  762.700  692.000  346.000  760.600  476.900  285.500  671.100  523.300  557.500  289.800  440.200  459.700  299.400  465.400  815.600 
ag0000023586.fit 2023-04-06 04:46:43.965 PLATE_A 691.100  762.700  691.400  344.500  760.600  476.900  284.800  669.700  522.600  556.100  289.100  438.800  459.700  299.400  464.700  814.100 
ag0000023607.fit 2023-04-06 21:40:02.127 PLATE_B 686.900  789.600  905.900  441.200  394.800  491.100  452.000  704.200  747.300  275.500  520.900  299.200  881.500  672.100  657.300  527.500 
ag0000023723.fit 2023-04-07 20:30:08.576 PLATE_A 688.300  756.600  689.800  342.700  760.600  476.900  283.300  667.600  521.200  554.000  287.600  436.800  459.700  299.400  463.200  812.000 
ag0000023781.fit 2023-04-08 20:33:59.120 PLATE_A 687.200  754.400  688.600  340.400  760.600  476.900  282.200  665.400  520.000  551.800  286.400  434.600  459.700  299.400  462.100  809.800 
ag0000023800.fit 2023-04-09 21:23:08.900 PLATE_A 689.900  761.700  691.400  347.600  760.600  476.900  284.800  672.700  522.700  559.100  289.100  441.800  459.700  299.400  464.800  817.100 
ag0000023989.fit 2023-04-12 20:39:13.396 PLATE_B 689.700  788.800  908.600  440.400  397.500  490.300  452.000  704.200  750.100  274.600  523.600  298.500  884.200  671.300  659.900  526.800 
ag0000024152.fit 2023-04-13 04:39:17.270 PLATE_B 688.400  789.100  907.300  440.700  396.200  490.700  452.000  704.200  748.800  275.000  522.200  298.800  882.900  671.600  658.600  527.100 
ag0000024181.fit 2023-04-13 05:12:26.256 PLATE_B 689.900  787.200  908.800  438.800  397.700  488.800  452.000  704.200  750.200  273.100  523.800  296.900  884.400  669.700  660.000  525.200 
ag0000024229.fit 2023-04-13 21:15:54.664 PLATE_A 689.400  758.000  691.000  344.100  760.600  476.900  284.400  669.200  522.300  555.500  288.600  438.200  459.700  299.400  464.300  813.500 
ag0000024320.fit 2023-04-14 04:53:04.213 PLATE_A 690.000  759.400  691.500  345.500  760.600  476.900  285.100  670.500  522.900  556.800  289.300  439.700  459.700  299.400  464.900  814.800 
ag0000024349.fit 2023-04-14 05:51:02.577 PLATE_A 686.500  760.700  688.000  346.700  760.600  476.900  281.400  671.800  519.300  558.100  285.700  440.900  459.700  299.400  461.400  816.100 
ag0000024362.fit 2023-04-15 00:12:47.093 PLATE_A 691.800  762.800  693.300  348.800  760.600  476.900  286.800  673.800  524.700  560.200  291.100  442.900  459.700  299.400  466.700  818.200 
ag0000024553.fit 2023-04-18 20:40:21.616 PLATE_A 687.400  754.400  688.900  340.500  760.600  476.900  282.500  665.500  520.300  551.900  286.700  434.700  459.700  299.400  462.300  809.800 
ag0000024566.fit 2023-04-18 21:19:09.856 PLATE_B 688.000  789.700  906.900  441.400  395.800  491.300  452.000  704.200  748.400  275.700  521.900  299.400  882.600  672.300  658.300  527.700 
ag0000024577.fit 2023-04-18 22:19:22.511 PLATE_A 689.800  756.300  691.300  342.500  760.600  476.900  284.900  667.400  522.700  553.700  289.200  436.600  459.700  299.400  464.800  811.700 
ag0000024836.fit 2023-04-19 21:08:37.468 PLATE_A 687.600  755.600  689.100  341.700  760.600  476.900  282.500  666.800  520.300  553.200  286.800  435.900  459.700  299.400  462.400  811.100 
ag0000024956.fit 2023-04-19 22:14:23.509 PLATE_A 690.400  759.800  691.900  345.900  760.600  476.900  285.300  670.900  523.200  557.300  289.600  440.000  459.700  299.400  465.200  815.300 
ag0000025013.fit 2023-04-20 00:26:37.308 PLATE_A 689.000  757.300  690.400  343.300  760.600  476.900  283.900  668.300  521.800  554.700  288.200  437.400  459.700  299.400  463.900  812.700 
ag0000025026.fit 2023-04-20 01:00:32.553 PLATE_A 687.200  754.600  688.600  340.600  760.600  476.900  282.100  665.700  520.000  552.100  286.400  434.800  459.700  299.400  462.000  810.100 
ag0000025038.fit 2023-04-20 01:43:52.093 PLATE_A 689.300  758.100  690.700  344.000  760.600  476.900  284.100  669.100  522.000  555.500  288.400  438.100  459.700  299.400  464.000  813.600 
ag0000025053.fit 2023-04-20 02:16:50.410 PLATE_A 684.300  754.100  685.800  340.000  760.600  476.900  279.300  665.100  517.100  551.500  283.600  434.200  459.700  299.400  459.200  809.500 
ag0000025060.fit 2023-04-20 02:30:57.553 PLATE_B 688.400  788.700  907.300  440.300  396.100  490.200  452.000  704.200  748.700  274.500  522.200  298.400  882.900  671.200  658.500  526.700 
ag0000025118.fit 2023-04-20 04:26:04.259 PLATE_A 689.900  766.000  691.300  351.900  760.600  476.900  284.700  677.000  522.600  563.400  289.000  446.100  459.700  299.400  464.600  821.500 
ag0000025124.fit 2023-04-20 04:38:31.904 PLATE_A 689.200  767.100  690.600  353.000  760.600  476.900  284.000  678.200  521.900  564.500  288.300  447.200  459.700  299.400  464.000  822.600 
ag0000025330.fit 2023-04-22 20:43:22.645 PLATE_A 686.800  753.700  688.400  339.700  760.600  476.900  281.700  664.800  519.700  551.100  286.100  433.900  459.700  299.400  461.700  809.200 
ag0000025340.fit 2023-04-22 21:18:06.234 PLATE_B 689.500  788.900  908.400  440.600  397.300  490.500  452.000  704.200  749.900  274.800  523.400  298.700  884.000  671.500  659.600  526.900 
ag0000025349.fit 2023-04-22 21:54:01.831 PLATE_A 675.700  762.800  677.300  348.700  760.600  476.900  270.600  673.800  508.400  560.200  274.900  442.900  459.700  299.400  450.600  818.200 
ag0000025698.fit 2023-04-23 01:43:51.570 PLATE_A 691.000  768.200  692.500  354.100  760.600  476.900  285.800  679.200  523.700  565.500  290.200  448.200  459.700  299.400  465.800  823.700 
ag0000025707.fit 2023-04-23 02:22:24.972 PLATE_A 692.200  760.300  693.700  346.300  760.600  476.900  287.100  671.300  524.900  557.700  291.500  440.500  459.700  299.400  467.000  815.700 
ag0000025995.fit 2023-04-23 04:04:05.457 PLATE_B 683.700  788.900  902.600  440.500  391.400  490.500  452.000  704.200  744.000  274.800  517.500  298.600  878.200  671.400  653.800  526.900 
ag0000025998.fit 2023-04-23 04:05:11.721 PLATE_B 686.600  789.400  905.500  441.100  394.400  491.000  452.000  704.200  747.000  275.300  520.500  299.100  881.200  672.000  656.700  527.400 
ag0000026008.fit 2023-04-23 04:38:21.168 PLATE_B 690.000  788.000  908.800  439.700  397.700  489.600  452.000  704.200  750.300  273.900  523.800  297.800  884.500  670.600  660.200  526.000 
ag0000026027.fit 2023-04-23 21:20:00.364 PLATE_A 693.300  766.800  694.800  352.800  760.600  476.900  288.200  677.900  526.100  564.200  292.500  446.900  459.700  299.400  468.100  822.300 
ag0000026035.fit 2023-04-23 21:58:47.170 PLATE_A 693.000  764.800  694.500  350.900  760.600  476.900  287.800  675.800  525.700  562.200  292.200  444.900  459.700  299.400  467.800  820.300 
ag0000026038.fit 2023-04-23 22:05:43.064 PLATE_A 676.600  764.300  678.100  350.400  760.600  476.900  271.500  675.300  509.400  561.700  275.900  444.500  459.700  299.400  451.500  819.700 
ag0000026126.fit 2023-04-24 01:53:01.845 PLATE_A 682.100  752.500  683.600  338.600  760.600  476.900  277.100  663.600  514.900  550.000  281.400  432.800  459.700  299.400  457.000  808.000 
ag0000026134.fit 2023-04-24 02:05:43.335 PLATE_B 690.800  787.000  909.600  438.700  398.600  488.600  452.000  704.200  751.100  273.100  524.600  296.800  885.300  669.500  661.000  525.000 
ag0000026143.fit 2023-04-24 02:18:41.684 PLATE_A 679.900  753.800  681.400  339.900  760.600  476.900  274.900  664.900  512.700  551.300  279.200  434.100  459.700  299.400  454.800  809.300 
ag0000026167.fit 2023-04-24 02:53:30.582 PLATE_A 678.100  755.700  679.600  341.800  760.600  476.900  273.100  666.900  510.900  553.300  277.400  436.000  459.700  299.400  453.000  811.200 
ag0000026175.fit 2023-04-24 03:13:46.283 PLATE_B 691.500  785.600  910.300  437.300  399.300  487.200  452.000  704.200  751.800  271.700  525.400  295.400  886.000  668.200  661.600  523.700 
ag0000026183.fit 2023-04-24 03:34:26.231 PLATE_A 676.100  757.100  677.600  343.200  760.600  476.900  271.000  668.200  508.900  554.600  275.400  437.300  459.700  299.400  451.000  812.600 
ag0000026197.fit 2023-04-24 04:09:19.973 PLATE_A 677.400  753.800  679.000  339.800  760.600  476.900  272.400  664.900  510.200  551.200  276.700  434.000  459.700  299.400  452.300  809.300 
ag0000026212.fit 2023-04-24 04:28:07.122 PLATE_B 691.400  787.200  910.200  438.900  399.100  488.800  452.000  704.200  751.700  273.100  525.200  297.000  885.900  669.700  661.500  525.200 
ag0000026347.fit 2023-04-24 21:17:54.933 PLATE_B 688.200  788.300  907.100  439.900  395.900  489.800  452.000  704.200  748.500  274.100  522.000  298.000  882.800  670.900  661.900  524.900 
ag0000026348.fit 2023-04-24 21:21:58.221 PLATE_B 690.000  786.700  908.900  438.300  397.700  488.200  452.000  704.200  750.400  272.500  523.800  296.400  884.600  669.300  661.900  524.900 
ag0000026387.fit 2023-04-24 22:31:05.349 PLATE_B 680.200  790.000  899.100  441.600  388.000  491.500  452.000  704.200  740.600  275.800  514.000  299.700  874.800  672.600  650.300  528.000 
ag0000026419.fit 2023-04-24 23:16:35.055 PLATE_A 692.800  763.200  694.300  349.200  760.600  476.900  287.700  674.200  525.500  560.600  292.000  443.300  459.700  299.400  467.600  818.700 
ag0000026442.fit 2023-04-24 23:50:54.197 PLATE_B 681.800  790.400  900.800  442.000  389.600  491.900  452.000  704.200  742.100  276.100  515.600  300.000  876.400  672.900  651.900  528.300 
ag0000026447.fit 2023-04-25 00:02:29.942 PLATE_A 691.500  761.200  693.000  347.200  760.600  476.900  286.400  672.200  524.200  558.500  290.600  441.300  459.700  299.400  466.300  816.600 
ag0000026458.fit 2023-04-25 00:24:13.738 PLATE_B 683.300  790.100  902.300  441.700  391.100  491.600  452.000  704.200  743.700  275.800  517.100  299.700  877.900  672.600  653.400  528.100 
ag0000026481.fit 2023-04-25 01:08:10.143 PLATE_B 684.700  789.300  903.700  440.800  392.500  490.700  452.000  704.200  745.100  275.000  518.600  298.800  879.300  671.700  654.900  527.200 
ag0000026498.fit 2023-04-25 01:28:21.893 PLATE_A 691.100  760.300  692.600  346.200  760.600  476.900  285.900  671.200  523.800  557.600  290.200  440.200  459.700  299.400  465.900  815.700 
ag0000026522.fit 2023-04-25 02:25:25.035 PLATE_B 687.200  789.000  906.200  440.600  395.000  490.500  452.000  704.200  747.600  274.800  521.100  298.600  881.800  671.500  657.400  527.000 
ag0000026530.fit 2023-04-25 20:25:06.570 PLATE_A 675.800  761.100  677.300  347.200  760.600  476.900  270.700  672.200  508.500  558.600  275.100  441.300  459.700  299.400  450.600  816.700 
ag0000026538.fit 2023-04-25 20:44:58.669 PLATE_B 690.200  788.800  909.100  440.400  398.000  490.300  452.000  704.200  750.600  274.600  524.100  298.500  884.700  671.300  660.300  526.800 
ag0000026547.fit 2023-04-25 21:03:04.859 PLATE_A 676.500  755.300  678.100  341.500  760.600  476.900  271.500  666.400  509.300  552.900  275.800  435.600  459.700  299.400  451.400  810.900 
ag0000026553.fit 2023-04-25 21:21:20.573 PLATE_B 689.100  789.000  908.000  440.700  396.900  490.600  452.000  704.200  749.500  274.800  523.000  298.800  883.700  671.600  659.200  527.100 
ag0000026557.fit 2023-04-25 21:39:10.913 PLATE_A 679.800  752.300  681.300  338.400  760.600  476.900  274.700  663.400  512.600  549.800  279.100  432.600  459.700  299.400  454.600  807.800 
ag0000026578.fit 2023-04-26 01:59:17.845 PLATE_A 687.400  753.800  688.900  339.900  760.600  476.900  282.200  664.900  520.200  551.300  286.500  434.000  459.700  299.400  462.100  809.400 
ag0000026584.fit 2023-04-26 02:23:11.014 PLATE_B 689.100  786.600  908.100  438.200  396.800  488.100  452.000  704.200  749.400  272.500  522.900  296.300  883.700  669.100  659.200  524.600 
ag0000026599.fit 2023-04-26 02:46:04.406 PLATE_A 691.300  766.200  692.800  352.200  760.600  476.900  286.100  677.200  524.000  563.600  290.400  446.300  459.700  299.400  466.100  821.700 
ag0000026611.fit 2023-04-26 03:02:42.251 PLATE_B 687.500  789.600  906.500  441.200  395.300  491.100  452.000  704.200  747.900  275.500  521.400  299.300  882.100  672.100  657.600  527.600 
ag0000026624.fit 2023-04-26 03:37:13.547 PLATE_A 689.500  758.200  691.000  344.100  760.600  476.900  284.300  669.300  522.200  555.600  288.600  438.300  459.700  299.400  464.300  813.800 
ag0000026632.fit 2023-04-26 04:15:50.398 PLATE_A 691.000  761.700  692.500  347.600  760.600  476.900  285.800  672.800  523.800  559.100  290.200  441.800  459.700  299.400  465.800  817.300 
ag0000026638.fit 2023-04-26 04:54:45.037 PLATE_B 683.400  790.000  902.300  441.600  391.100  491.500  452.000  704.200  743.700  275.900  517.200  299.700  877.900  672.500  653.500  528.000 
ag0000026647.fit 2023-04-26 20:21:34.662 PLATE_A 687.400  754.100  688.900  340.000  760.600  476.900  282.300  665.100  520.200  551.500  286.500  434.200  459.700  299.400  462.200  809.600 
ag0000026661.fit 2023-04-26 20:43:41.590 PLATE_B 689.100  789.200  908.100  440.900  396.900  490.800  452.000  704.200  749.600  275.000  523.000  299.000  883.700  671.800  659.300  527.300 
ag0000026675.fit 2023-04-26 21:41:10.326 PLATE_A 689.300  758.000  690.800  344.000  760.600  476.900  284.100  669.100  522.000  555.500  288.400  438.200  459.700  299.400  464.100  813.600 
ag0000026683.fit 2023-04-26 22:01:06.987 PLATE_B 684.500  789.500  903.500  441.100  392.300  490.900  452.000  704.200  744.900  275.300  518.400  299.100  879.100  672.000  654.600  527.400 
ag0000026686.fit 2023-04-26 22:10:54.196 PLATE_B 687.000  790.500  906.000  442.100  394.800  492.000  452.000  704.200  747.400  276.400  520.900  300.200  881.600  673.000  657.100  528.500 
ag0000026696.fit 2023-04-26 22:37:04.597 PLATE_A 687.300  755.400  688.800  341.400  760.600  476.900  282.100  666.500  520.000  552.800  286.400  435.500  459.700  299.400  462.000  810.900 
ag0000026702.fit 2023-04-27 00:23:51.079 PLATE_B 687.400  788.600  906.400  440.100  395.200  490.100  452.000  704.200  747.800  274.400  521.300  298.300  882.100  671.100  657.100  528.500 
ag0000026710.fit 2023-04-27 00:45:15.974 PLATE_A 688.000  764.600  689.500  350.600  760.600  476.900  282.800  675.700  520.700  562.100  287.100  444.700  459.700  299.400  462.800  820.200 
ag0000026727.fit 2023-04-27 20:17:30.562 PLATE_A 687.200  755.100  688.700  341.000  760.600  476.900  282.200  666.100  520.100  552.500  286.500  435.200  459.700  299.400  462.100  810.500 
ag0000026745.fit 2023-04-27 21:17:23.695 PLATE_B 684.500  788.800  903.400  440.400  392.200  490.400  452.000  704.200  744.900  274.600  518.300  298.500  879.100  671.300  657.100  528.500 
ag0000026746.fit 2023-04-27 21:18:27.554 PLATE_B 687.000  790.200  906.000  441.900  394.800  491.800  452.000  704.200  747.400  276.100  520.900  300.000  881.600  672.800  657.200  528.300 
ag0000026836.fit 2023-04-28 21:14:59.204 PLATE_B 685.400  790.500  904.300  442.100  393.200  492.000  452.000  704.200  745.800  276.400  519.200  300.200  879.900  673.100  655.500  528.600 
ag0000026868.fit 2023-04-28 22:29:24.062 PLATE_B 681.800  790.800  900.800  442.400  389.700  492.300  452.000  704.200  742.200  276.500  515.700  300.500  876.500  673.400  652.000  528.800 
ag0000026884.fit 2023-04-28 23:59:42.820 PLATE_B 689.700  786.200  908.500  437.900  397.500  487.800  452.000  704.200  750.000  272.300  523.500  296.000  884.200  668.800  659.800  524.300 
ag0000026905.fit 2023-04-29 01:41:38.714 PLATE_B 682.200  788.900  901.200  440.500  390.000  490.400  452.000  704.200  742.600  274.700  516.100  298.600  876.800  671.400  652.300  526.900 
ag0000026917.fit 2023-04-29 22:28:01.728 PLATE_B 687.700  788.800  906.700  440.300  395.500  490.300  452.000  704.200  748.100  274.600  521.500  298.400  882.300  671.300  658.000  526.800 
ag0000026924.fit 2023-04-29 22:40:33.915 PLATE_A 688.500  755.500  690.000  341.400  760.600  476.900  283.300  666.500  521.200  552.900  287.600  435.500  459.700  299.400  463.200  811.000 
ag0000026929.fit 2023-04-29 23:10:37.529 PLATE_A 689.600  757.500  691.100  343.400  760.600  476.900  284.500  668.500  522.300  554.900  288.800  437.600  459.700  299.400  464.400  813.000 
ag0000027095.fit 2023-04-30 01:43:57.660 PLATE_A 690.700  759.400  692.200  345.200  760.600  476.900  285.500  670.300  523.400  556.700  289.900  439.400  459.700  299.400  465.500  814.800 
ag0000027099.fit 2023-04-30 02:23:54.176 PLATE_B 688.800  788.400  907.700  440.100  396.600  490.000  452.000  704.200  749.100  274.300  522.600  298.200  883.300  671.000  658.900  526.500 
ag0000027109.fit 2023-04-30 02:51:36.362 PLATE_A 683.000  757.500  684.500  343.600  760.600  476.900  278.000  668.600  515.800  555.000  282.300  437.800  459.700  299.400  457.900  813.000 
ag0000027114.fit 2023-04-30 03:01:37.104 PLATE_B 690.200  784.300  909.100  436.000  398.100  485.900  452.000  704.200  750.600  270.300  524.100  294.200  884.700  666.900  660.300  522.300 
ag0000027122.fit 2023-04-30 03:35:46.652 PLATE_A 689.900  764.000  691.400  350.100  760.600  476.900  284.800  675.100  522.700  561.400  289.200  444.200  459.700  299.400  464.800  819.500 
ag0000027126.fit 2023-04-30 04:02:07.015 PLATE_B 686.400  789.100  905.400  440.700  394.200  490.700  452.000  704.200  746.800  275.000  520.300  298.800  881.000  671.600  656.700  527.100 
ag0000027139.fit 2023-04-30 04:38:52.997 PLATE_A 691.000  760.200  692.600  346.200  760.600  476.900  285.800  671.300  523.800  557.700  290.200  440.400  459.700  299.400  465.800  815.800 
ag0000027144.fit 2023-04-30 04:56:10.657 PLATE_A 691.100  761.300  692.600  347.200  760.600  476.900  285.900  672.500  523.800  558.800  290.300  441.500  459.700  299.400  465.900  816.800 
ag0000027172.fit 2023-04-30 22:49:30.440 PLATE_A 687.100  754.700  688.600  340.800  760.600  476.900  282.000  665.900  519.900  552.200  286.300  434.900  459.700  299.400  461.900  810.300 
ag0000027174.fit 2023-04-30 23:13:06.438 PLATE_B 683.100  790.000  902.100  441.700  390.900  491.600  452.000  704.200  743.500  275.800  517.000  299.700  877.700  672.500  653.200  528.000 
ag0000027183.fit 2023-05-01 00:17:51.596 PLATE_B 684.800  789.000  903.700  440.700  392.600  490.600  452.000  704.200  745.200  274.800  518.600  298.700  879.400  671.500  654.900  527.000 
ag0000027188.fit 2023-05-01 00:45:23.120 PLATE_B 689.700  786.800  908.700  438.500  397.500  488.300  452.000  704.200  750.100  272.800  523.600  296.500  884.300  669.400  659.900  524.800 
ag0000027200.fit 2023-05-01 01:32:10.582 PLATE_B 682.000  790.200  900.900  441.900  389.900  491.800  452.000  704.200  742.400  276.200  515.900  300.000  876.600  672.800  652.200  528.300 
ag0000027323.fit 2023-05-01 02:46:22.130 PLATE_A 692.700  762.600  694.200  348.600  760.600  476.900  287.600  673.700  525.500  560.100  292.000  442.800  459.700  299.400  467.600  818.100 
ag0000027346.fit 2023-05-01 20:30:12.128 PLATE_B 688.100  788.100  907.000  439.800  396.000  489.700  452.000  704.200  748.500  274.100  522.000  297.900  882.700  670.600  658.400  526.100 
ag0000027375.fit 2023-05-01 21:50:01.674 PLATE_B 682.900  789.800  901.900  441.500  390.700  491.400  452.000  704.200  743.300  275.700  516.800  299.500  877.500  672.300  653.200  527.800 
ag0000027388.fit 2023-05-01 22:26:57.668 PLATE_B 689.900  787.700  908.900  439.300  397.700  489.200  452.000  704.200  750.300  273.600  523.800  297.400  884.500  670.200  660.200  525.700 
ag0000027405.fit 2023-05-01 23:18:52.420 PLATE_B 682.900  790.200  902.000  441.800  390.800  491.700  452.000  704.200  743.400  276.000  516.800  299.900  877.600  672.700  653.300  528.200 
ag0000027421.fit 2023-05-02 00:04:22.174 PLATE_B 689.100  787.100  908.100  438.800  396.900  488.700  452.000  704.200  749.500  273.000  523.000  296.900  883.700  669.600  659.400  525.100 
ag0000027444.fit 2023-05-02 00:49:45.071 PLATE_B 690.500  787.000  909.400  438.600  398.300  488.600  452.000  704.200  750.800  272.900  524.300  296.800  885.100  669.600  660.800  525.000 
ag0000027455.fit 2023-05-02 01:23:02.614 PLATE_B 687.300  788.500  906.300  440.200  395.200  490.100  452.000  704.200  747.700  274.400  521.200  298.300  881.900  671.100  657.600  526.600 
ag0000027474.fit 2023-05-02 02:07:35.539 PLATE_B 690.400  786.100  909.400  437.700  398.200  487.600  452.000  704.200  750.800  271.900  524.300  295.800  885.000  668.600  660.700  524.100 
ag0000027486.fit 2023-05-02 02:40:43.114 PLATE_B 678.900  788.800  897.800  440.500  386.700  490.400  452.000  704.200  739.200  274.700  512.800  298.600  873.400  671.400  649.200  526.900 
ag0000027502.fit 2023-05-02 03:12:31.861 PLATE_B 690.200  787.400  909.100  439.000  398.000  488.900  452.000  704.200  750.500  273.200  524.100  297.100  884.800  669.900  660.500  525.400 
ag0000027514.fit 2023-05-02 04:32:50.191 PLATE_B 688.200  786.300  907.200  437.900  396.000  487.900  452.000  704.200  748.600  272.100  522.100  296.000  882.800  668.900  658.500  524.300 
ag0000027535.fit 2023-05-02 20:42:31.485 PLATE_A 687.800  755.100  689.400  340.900  785.200  546.700  282.700  666.100  520.500  552.400  287.000  435.100  459.700  299.400  462.600  810.600 
ag0000027541.fit 2023-05-02 22:18:39.582 PLATE_B 688.100  790.100  907.000  441.700  395.800  491.700  452.000  704.200  748.500  275.900  521.900  299.800  882.700  672.700  658.200  528.100 
